image: empty_room_map.pgm
mode: trinary
resolution: 0.05
origin: [0.753461700390844, -7.8162598987180635, 0.0]
negate: 0
occupied_thresh: 0.65
free_thresh: 0.25